124 29
5 120
100
162 144 5
242 26 9
166 17 6
37 135 10
232 20 4
73 153 8
70 142 5
55 139 8
230 36 3
171 77 8
129 9 6
212 47 6
239 194 3
8 193 5
134 193 3
53 1 10
201 8 7
133 98 3
196 49 9
227 148 3
249 110 4
94 52 1
169 179 6
123 106 5
1 152 7
101 222 3
35 228 6
209 58 6
78 37 3
107 107 3
116 212 4
90 197 3
160 97 8
110 151 5
17 151 6
246 94 2
87 144 3
40 193 4
26 211 10
111 30 1
115 118 1
157 162 6
157 79 6
187 27 2
184 183 8
235 55 10
207 201 8
118 41 7
170 120 8
92 173 7
190 136 5
247 225 2
239 172 10
168 153 1
14 204 2
73 167 10
201 177 4
176 139 3
99 91 10
10 98 4
207 150 7
231 99 3
177 66 3
124 248 3
86 157 9
200 34 8
124 205 8
176 22 4
201 224 5
10 76 6
38 249 6
79 104 3
138 114 9
116 136 3
76 180 7
231 213 7
180 241 4
24 249 4
16 122 10
181 219 1
211 165 8
83 69 1
79 233 10
200 105 8
195 72 4
181 193 4
60 148 3
21 57 9
78 222 2
216 187 7
71 73 8
66 27 3
139 124 8
7 241 2
54 30 1
26 178 1
26 167 10
23 223 6
222 247 1
227 191 5
