128 157
10 250
200
166 149 17
174 14 16
90 247 5
195 92 2
77 4 10
188 216 7
116 189 11
233 32 17
49 177 14
207 65 4
134 138 12
86 144 4
154 46 19
206 6 1
160 84 4
137 18 11
142 224 5
133 68 1
91 208 18
81 20 6
160 231 7
15 217 19
57 208 12
41 67 6
240 144 15
237 102 17
211 204 19
124 224 19
175 101 2
225 122 19
6 113 13
72 201 14
236 214 19
218 53 13
97 43 14
31 187 2
37 27 15
10 147 14
194 194 13
4 185 19
2 160 12
223 229 13
249 190 12
131 120 17
149 196 8
46 136 16
192 17 20
142 249 7
109 5 1
217 164 4
171 191 16
32 153 18
191 67 10
229 179 15
51 152 9
55 20 15
30 48 6
11 52 4
103 178 16
65 142 15
112 109 11
232 161 5
41 219 13
182 51 11
76 84 1
133 105 20
242 63 11
57 56 3
192 122 16
13 131 13
24 19 3
139 36 14
111 126 13
210 87 10
71 182 1
102 158 8
171 71 17
81 65 8
17 165 14
116 247 11
103 235 16
213 21 9
156 129 16
233 194 4
65 39 19
145 157 2
175 249 2
45 238 14
110 25 15
38 102 2
126 5 4
81 108 4
6 80 12
27 83 2
90 226 7
157 100 13
57 97 3
150 66 17
118 42 10
194 153 4
141 174 9
118 89 13
2 22 16
59 115 1
81 39 9
159 1 11
18 239 18
177 229 2
158 174 5
174 120 3
173 213 7
228 0 9
241 122 4
213 185 14
191 245 8
249 44 18
210 36 16
29 203 15
113 64 7
186 32 12
249 88 3
30 132 20
55 79 6
209 139 5
160 247 6
91 78 6
188 179 11
61 241 5
74 231 4
248 232 6
94 10 13
49 195 2
184 81 12
120 208 20
205 106 20
90 95 9
160 31 3
249 172 13
158 216 9
244 9 13
95 128 3
33 3 17
203 227 15
75 167 4
178 136 16
235 81 17
235 245 18
1 237 3
3 200 20
45 121 6
133 84 16
79 126 3
24 115 7
59 165 14
3 0 3
230 15 19
35 171 8
107 218 12
15 67 11
175 165 19
59 225 16
62 2 1
117 145 4
31 247 6
216 248 3
16 97 17
199 52 3
1 39 2
183 0 8
132 192 4
46 45 19
115 167 3
156 16 10
75 216 17
99 58 11
224 148 13
16 35 19
18 4 6
150 115 9
143 0 18
89 186 2
222 106 20
107 78 19
103 198 5
189 107 13
137 53 4
90 170 19
0 94 3
95 26 2
223 71 15
199 168 3
0 63 8
139 209 20
208 124 20
96 109 13
194 137 3
73 52 8
234 49 19
247 26 1
101 142 10
