120 140
10 350
200
90 217 6
122 155 18
13 71 8
236 170 11
197 46 10
202 27 16
165 59 3
164 197 18
19 118 12
110 16 12
55 57 27
133 169 30
131 3 10
172 90 14
131 74 19
86 116 21
200 120 28
237 205 29
238 94 17
200 187 16
3 191 11
69 21 24
31 75 29
210 154 6
97 193 9
242 134 3
166 20 30
120 203 8
153 223 20
220 21 28
90 135 22
145 9 7
41 92 2
57 239 4
103 229 2
81 96 9
219 176 3
222 105 3
83 243 8
45 178 11
131 249 8
61 82 20
143 134 4
146 203 3
168 40 30
210 57 9
120 95 28
16 155 1
148 101 27
196 90 2
24 196 13
245 78 6
192 71 20
82 187 7
94 169 4
116 75 16
65 38 26
5 24 26
218 211 29
64 105 26
64 127 21
171 109 4
242 17 12
150 183 29
179 126 12
245 60 10
8 45 8
242 237 21
28 11 6
0 119 7
193 220 27
224 243 22
188 201 12
224 125 27
40 210 11
81 44 22
132 32 2
185 102 12
200 243 14
182 8 18
30 129 7
49 19 3
127 184 20
55 224 6
94 68 7
11 0 23
1 92 10
119 218 19
36 53 24
75 143 26
127 59 28
26 172 28
15 224 13
216 72 4
24 33 22
163 122 25
151 241 7
9 248 18
64 184 15
101 101 2
25 99 28
94 14 13
177 217 23
80 59 20
72 201 15
114 109 28
156 142 22
226 58 2
59 155 8
108 130 24
96 45 18
155 78 16
110 56 29
245 218 30
30 230 26
0 146 25
115 244 6
77 75 7
119 43 21
89 151 8
10 209 18
190 149 16
175 170 22
136 220 10
51 140 5
153 49 10
49 41 30
181 58 10
74 164 8
19 57 4
16 136 16
46 116 19
133 106 25
208 225 15
137 235 13
11 105 30
42 153 25
226 151 2
5 175 24
154 162 23
98 247 7
235 35 19
184 30 5
60 7 19
175 246 29
86 1 16
229 2 7
249 161 3
244 190 20
170 231 6
213 136 4
242 115 26
209 10 14
93 85 8
77 226 2
197 168 11
223 195 24
152 30 13
41 241 13
127 125 1
56 198 7
176 142 24
217 37 28
183 185 29
140 88 2
203 204 3
227 227 28
111 174 25
104 210 17
88 30 20
247 0 30
177 74 18
160 3 24
206 102 6
17 86 29
104 156 25
104 31 27
101 0 19
225 86 15
42 3 18
41 195 12
146 116 4
3 234 11
248 45 19
143 61 18
142 152 2
46 70 29
25 211 4
28 249 28
169 156 30
0 63 26
193 134 17
186 235 1
195 0 21
112 189 16
58 170 10
125 18 12
116 2 10
69 249 10
137 47 22
